=== 1. 고단가 & 고성장 유망 개척 시장 Top ===
              partnerDesc    total_val  avg_unit_price  seasoned_ratio_pct    val_2021    val_2025  growth_rate_pct
69             Kazakhstan   12643737.0       22.854000           58.272685   1081252.0   4281595.0       295.984932
139               Türkiye    6005845.0       28.008000           35.304724    591642.0   2097614.0       254.541091
65                 Israel   11318483.0       38.382000           96.542717   1108270.0   3451289.0       211.412291
62              Indonesia  119173984.0       23.837000           34.265747   9908671.0  28764324.0       190.294470
143  United Arab Emirates    9383543.0       25.063000           92.204576   1123145.0   3228624.0       187.462794
79              Lithuania   16684193.0       25.845000           26.284388   1995220.0   5375978.0       169.442868
110                Poland   37551926.0       24.012000           94.799071   5191576.0  11483987.0       121.204255
115    Russian Federation  335353220.0       23.518000           25.635897  48732917.0  96741214.0        98.513079
126                 Spain   10438197.0       24.741000           88.505400   1662800.0   3058531.0        83.938598
142               Ukraine   19081770.0       25.604000           96.035357   3418148.0   6081662.0        77.922723
102       Other Asia, nes  198981269.0       22.367000           41.312118  30392714.0  52827438.0        73.816126
87                 Mexico   29256014.0       25.552000           49.382513   4114568.0   5931405.0        44.156203
100                Norway    4333952.0       83.037000           80.614275    779741.0   1028908.0        31.955098
66                  Italy    6630273.0       25.244444           99.300587   1740445.0   1140406.0       -34.476183
13                Belgium    6280472.0       31.027000           99.755719   1417481.0    761231.0       -46.296917
130           Switzerland    4871969.0       31.761000           98.793363   1543541.0    747472.0       -51.574205

=== 2. 유럽 주요국 (독일, 영국, 네덜란드, 프랑스 등) ===
        partnerDesc   total_val  avg_unit_price  seasoned_ratio_pct    val_2021    val_2025  growth_rate_pct
144  United Kingdom  68892539.0       17.695000           96.679739  10233490.0  17596281.0        71.947996
51          Germany  66323710.0       19.238000           98.574566  13294373.0  15574782.0        17.153190
94      Netherlands  46259991.0       17.747000           92.654162   6590648.0  13352068.0       102.591126
110          Poland  37551926.0       24.012000           94.799071   5191576.0  11483987.0       121.204255
48           France  35513052.0       21.382000           93.534740   8169803.0   8446256.0         3.383839
126           Spain  10438197.0       24.741000           88.505400   1662800.0   3058531.0        83.938598
66            Italy   6630273.0       25.244444           99.300587   1740445.0   1140406.0       -34.476183
13          Belgium   6280472.0       31.027000           99.755719   1417481.0    761231.0       -46.296917

=== 3. 중동/남미/기타 신흥 유망국 ===
              partnerDesc   total_val  avg_unit_price  seasoned_ratio_pct   val_2021   val_2025  growth_rate_pct
87                 Mexico  29256014.0          25.552           49.382513  4114568.0  5931405.0        44.156203
19                 Brazil  18200077.0          18.934           86.081009  3990312.0  3347778.0       -16.102350
143  United Arab Emirates   9383543.0          25.063           92.204576  1123145.0  3228624.0       187.462794
27                  Chile   6756360.0          18.160           98.547724  1489345.0  1411786.0        -5.207591
118          Saudi Arabia   2458551.0          18.802           94.176041   143199.0   797080.0       456.623999
61                  India   2358773.0          22.319           95.031697   352195.0   584570.0        65.979074
125          South Africa    927272.0          19.248           96.475576   134421.0   351667.0       161.616117

=== 4. 북미/아세안/오세아니아 고마진 소매 국가 ===
     partnerDesc    total_val  avg_unit_price  seasoned_ratio_pct    val_2021    val_2025  growth_rate_pct
149     Viet Nam  194484023.0          17.344           67.744889  24307536.0  55303495.0       127.515841
25        Canada  149368831.0          17.894           96.693416  23065177.0  36278142.0        57.285340
7      Australia  113552964.0          14.887           94.482989  17559359.0  28152238.0        60.326114
109  Philippines   89792064.0          15.122           92.012048  10460160.0  27424412.0       162.179661
82      Malaysia   29088944.0          15.240           94.524411   5172236.0   7168032.0        38.586716
96   New Zealand   24104962.0          18.656           95.420009   4263082.0   5438864.0        27.580563